71.40234375
108.9296875
113.2890625
123.03515625
144.171875
210.16796875
209.2578125
218.28125
302.64453125
354.71484375
380.01171875
382.5078125
320.09765625
337.79296875
350.90625
350.90625
359.7109375
347.13671875
347.13671875
347.13671875
347.13671875
347.13671875
347.13671875
347.13671875
347.13671875
347.13671875
347.13671875
347.13671875
347.13671875
347.13671875
347.13671875
347.13671875
347.13671875
347.13671875
347.13671875
347.13671875
347.13671875
347.13671875
347.13671875
347.13671875
347.13671875
347.13671875
346.91796875
346.91796875
346.91796875
346.91796875
346.91796875
346.91796875
346.91796875
346.91796875
346.91796875
346.91796875
346.91796875
346.91796875
346.91796875
346.91796875
346.91796875
346.91796875
346.91796875
346.91796875
346.91796875
346.91796875
346.91796875
346.91796875
346.91796875
346.91796875
346.91796875
346.91796875
346.91796875
346.91796875
346.91796875
346.91796875
346.91796875
346.91796875
346.91796875
346.91796875
346.91796875
346.91796875
346.91796875
346.91796875
346.91796875
346.91796875
346.91796875
346.91796875
346.91796875
346.91796875
346.91796875
346.91796875
346.91796875
346.91796875
346.91796875
346.91796875
346.91796875
346.91796875
346.91796875
346.91796875
346.91796875
346.91796875
346.91796875
346.91796875
346.91796875
346.91796875
346.91796875
346.91796875
346.91796875
346.91796875
346.91796875
346.91796875
346.91796875
409.83984375
404.37890625
398.6953125
391.7734375
